phase: deployment
started_at: 2026-01-19T10:10:34.354584687-05:00
completed_at: 2026-01-20T06:02:46.042821568-05:00
duration: 19h52m11.688236981s
