phase: discovery
started_at: 2026-01-21T05:52:40.785768882-05:00
completed_at: 2026-01-21T06:20:43.670650516-05:00
duration: 28m2.884881734s
