phase: planning
started_at: 2026-01-21T06:20:51.321941036-05:00
completed_at: 2026-01-21T06:43:53.14737665-05:00
duration: 23m1.825435814s
